228
119
86
177
120
91
202
245
204
255
254
249
224
99
242
189
180
135
166
65
72
107
26
133
156
15
78
137
176
115
66
77
132
151
246
209
24
123
106
21
108
31
158
25
128
131
146
221
84
167
70
97
232
139
186
165
60
47
238
169
80
147
226
109
36
183
150
241
184
155
10
53
12
63
62
57
32
163
50
253
244
199
230
129
136
171
90
197
220
79
142
201
240
179
130
141
196
215
54
17
88
187
170
85
172
95
222
89
192
195
210
29
148
231
134
161
40
203
250
229
124
111
46
233
144
211
34
173
100
247
214
49
248
219
74
117
76
127
126
121
96
227
114
61
52
7
38
193
200
235
154
5
28
143
206
9
48
243
194
205
4
23
118
81
152
251
234
149
236
159
30
153
0
3
18
93
212
39
198
225
104
11
58
37
188
175
110
41
208
19
98
237
164
55
22
113
56
27
138
181
140
191
190
185
160
35
178
125
116
71
102
1
8
43
218
69
92
207
14
73
112
51
2
13
68
87
182
145
216
59
42
213
44
223
94
217
64
67
82
157
20
103
6
33
168
75
122
101
252
239
174
105
16
83
162
